200 200
('8', 0, 2, 2, 117, 145)
('43', 1, 10, 6, 108, 151)
('24', 3, 4, 6, 117, 71)
('8', 1, 2, 2, 143, 78)
('291', 17, 17, 16, 120, 191)
('29370', 199, 199, 199, 48, 98)
('13', 2, 4, 2, 112, 61)
('2', 0, 0, 0, 80, 140)
('2', 0, 0, 0, 127, 138)
('2', 0, 0, 0, 108, 110)
('2', 0, 0, 0, 122, 63)
('14', 6, 6, 1, 120, 146)
('8', 2, 3, 1, 137, 74)
('6', 4, 4, 0, 70, 99)
('22', 6, 6, 3, 105, 153)
('11', 1, 7, 1, 135, 99)
('16', 5, 6, 2, 66, 82)
('6', 2, 2, 1, 81, 74)
('18', 3, 4, 3, 115, 60)
('97', 18, 26, 3, 133, 187)
('5', 3, 3, 0, 136, 92)
('32', 8, 8, 3, 103, 121)
('112', 32, 44, 3, 134, 127)
('10', 1, 3, 2, 76, 64)
('9', 2, 5, 1, 121, 145)
('256', 34, 90, 3, 134, 168)
('17', 1, 6, 2, 114, 148)
('6', 1, 2, 1, 142, 86)
('5', 2, 2, 1, 137, 69)
('12', 2, 3, 2, 124, 60)
('26', 4, 6, 6, 109, 119)
('9', 3, 3, 1, 78, 63)
('32', 0, 5, 7, 85, 73)
('85', 9, 10, 10, 96, 152)
('9', 1, 2, 2, 110, 63)
('32', 4, 5, 5, 98, 121)
('14', 3, 4, 4, 122, 59)
('10', 4, 4, 1, 132, 57)
('52', 11, 13, 6, 86, 147)
('49', 3, 5, 13, 80, 63)
('2', 0, 0, 0, 79, 134)
('4', 2, 2, 0, 127, 135)
42
('26', 4, 6, 6, 109, 119) ('32', 4, 5, 5, 98, 121)  i found its
('32', 0, 5, 7, 85, 73) ('49', 3, 5, 13, 80, 63)  i found its
('24', 3, 4, 6, 117, 71) ('9', 1, 2, 2, 110, 63)  i found its
('24', 3, 4, 6, 117, 71) ('14', 3, 4, 4, 122, 59)  i found its
('9', 1, 2, 2, 110, 63) ('24', 3, 4, 6, 117, 71)  i found its
('32', 4, 5, 5, 98, 121) ('26', 4, 6, 6, 109, 119)  i found its
('14', 3, 4, 4, 122, 59) ('24', 3, 4, 6, 117, 71)  i found its
('49', 3, 5, 13, 80, 63) ('32', 0, 5, 7, 85, 73)  i found its
